  17  0.008388
  17  0.008060
  17  0.008613
  17  0.007381
  17  0.023567
  17  0.007265
  17  0.007581
  17  0.006962
  17  0.007536
  17  0.006803
  17  0.030593
  17  0.007184
  17  0.006896
  17  0.006811
  17  0.007561
  17  0.006690
  17  0.007396
  17  0.008536
  17  0.006895
  17  0.006911
  17  0.006884
  17  0.007356
  17  0.007503
  17  0.007596
  17  0.007922
  17  0.007252
  17  0.007170
  17  0.007754
  17  0.007193
  17  0.007946
  17  0.007556
  17  0.007131
  17  0.007206
  17  0.006972
  17  0.007060
  17  0.006995
  17  0.007073
  17  0.007629
  17  0.007143
  17  0.007364
  17  0.007044
  17  0.007814
  17  0.007019
  17  0.007049
  17  0.007754
  17  0.029407
  17  0.007843
  17  0.007420
  17  0.007272
  17  0.007211
  17  0.007173
  17  0.006990
  17  0.007369
  17  0.008653
  17  0.007399
  17  0.006971
  17  0.006896
  17  0.006699
  17  0.006836
  17  0.006741
  17  0.007442
  17  0.008644
  17  0.007415
  17  0.007050
  17  0.007180
  17  0.006878
  17  0.007369
  17  0.007546
  17  0.008593
  17  0.006929
  17  0.010295
  17  0.008661
  17  0.009269
  17  0.007917
  17  0.007137
  17  0.007417
  17  0.030293
  17  0.007938
  17  0.007013
  17  0.007113
  17  0.007137
  17  0.007201
  17  0.007070
  17  0.008445
  17  0.007498
  17  0.007382
  17  0.007029
  17  0.006904
  17  0.009650
  17  0.007797
  17  0.007733
  17  0.007074
  17  0.007068
  17  0.007173
  17  0.019388
  17  0.007541
  17  0.007085
  17  0.007213
  17  0.006864
  17  0.006789
  17  0.010439
  17  0.007351
  17  0.022708
  17  0.006879
  17  0.006756
  17  0.006857
  17  0.007183
  17  0.007719
  17  0.006830
  17  0.007632
  17  0.006802
  17  0.007888
  17  0.007636
  17  0.007484
  17  0.007194
  17  0.007066
  17  0.006719
  17  0.006796
  17  0.007792
  17  0.007661
  17  0.008004
  17  0.008350
  17  0.006880
  17  0.030577
  17  0.010110
  17  0.007215
  17  0.006966
  17  0.007261
  17  0.006966
  17  0.007354
  17  0.007735
  17  0.006862
  17  0.007175
  17  0.007052
  17  0.006792
  17  0.006810
  17  0.007881
  17  0.009032
  17  0.007132
  17  0.007346
  17  0.007058
  17  0.022096
  17  0.007762
  17  0.007975
  17  0.007316
  17  0.007299
  17  0.008387
  17  0.007724
  17  0.008177
  17  0.007292
  17  0.007080
  17  0.007044
  17  0.006865
  17  0.007055
  17  0.007372
  17  0.007389
  17  0.007827
  17  0.006997
  17  0.006694
  17  0.006944
  17  0.007369
  17  0.008044
  17  0.007194
  17  0.008195
  17  0.008615
  17  0.030542
  17  0.007290
  17  0.007256
  17  0.007069
  17  0.007705
  17  0.007729
  17  0.007946
  17  0.007128
  17  0.019877
  17  0.007030
  17  0.007605
  17  0.007312
  17  0.007011
  17  0.007192
  17  0.021043
  17  0.007685
  17  0.007938
  17  0.006857
  17  0.007107
  17  0.007976
  17  0.007808
  17  0.007008
  17  0.007942
  17  0.008072
  17  0.008580
  17  0.007252
  17  0.006893
  17  0.007687
  17  0.007515
  17  0.007396
  17  0.007541
  17  0.007120
  17  0.007862
  17  0.006961
  17  0.006891
  17  0.030845
  17  0.006870
  17  0.006795
  17  0.006870
  17  0.007652
  17  0.007578
  17  0.008861
  17  0.007041
  17  0.008158
  17  0.007387
  17  0.008035
  17  0.008045
  17  0.006893
  17  0.011367
  17  0.006926
  17  0.007250
  17  0.007482
  17  0.007465
  17  0.006992
  17  0.007388
  17  0.007735
  17  0.007209
  17  0.006988
  17  0.007673
  17  0.007384
  17  0.006987
  17  0.006868
  17  0.006855
  17  0.007876
  17  0.006772
  17  0.008603
  17  0.030311
  17  0.007179
  17  0.007501
  17  0.007419
  17  0.007374
  17  0.007073
  17  0.019519
  17  0.008598
  17  0.007884
  17  0.006916
  17  0.009515
  17  0.006905
  17  0.007313
  17  0.007167
  17  0.007518
  17  0.007431
  17  0.007174
  17  0.016151
  17  0.009873
  17  0.007650
  17  0.007872
  17  0.007183
  17  0.007141
  17  0.006968
  17  0.006890
  17  0.007628
  17  0.007332
  17  0.008020
  17  0.006944
  17  0.007337
  17  0.008823
  17  0.006948
  17  0.007178
  17  0.007949
  17  0.007430
  17  0.007367
  17  0.007040
  17  0.006838
  17  0.006957
  17  0.008866
  17  0.008515
  17  0.009910
  17  0.006973
  17  0.006721
  17  0.006859
  17  0.007486
  17  0.007902
  17  0.034102
  17  0.009216
  17  0.007410
  17  0.007604
  17  0.007073
  17  0.006857
  17  0.006927
  17  0.007066
  17  0.010453
  17  0.008554
  17  0.007273
  17  0.006859
  17  0.008661
  17  0.007251
  17  0.008002
  17  0.008125
  17  0.007094
  17  0.006870
  17  0.006835
  17  0.007043
  17  0.006992
  17  0.007725
  17  0.008282
  17  0.006837
  17  0.007006
  17  0.006876
  17  0.007593
  17  0.007489
  17  0.018712
  17  0.007226
  17  0.006958
  17  0.007079
  17  0.007033
  17  0.007408
  17  0.010731
  17  0.007074
  17  0.008473
  17  0.007344
  17  0.008045
  17  0.009582
  17  0.007933
  17  0.007050
  17  0.030558
  17  0.007773
  17  0.007865
  17  0.007465
  17  0.007149
  17  0.007974
  17  0.007140
  17  0.007604
  17  0.008144
  17  0.007211
  17  0.007377
  17  0.006931
  17  0.007060
  17  0.007011
  17  0.008048
  17  0.007408
  17  0.007427
  17  0.006635
  17  0.007600
  17  0.007293
  17  0.007197
  17  0.007857
  17  0.007265
  17  0.006981
  17  0.007290
  17  0.007923
  17  0.006780
  17  0.007386
  17  0.008243
  17  0.007009
  17  0.007025
  17  0.006850
  17  0.007294
  17  0.007567
  17  0.007936
  17  0.029828
  17  0.007000
  17  0.007056
  17  0.007688
  17  0.008117
  17  0.007254
  17  0.008225
  17  0.007088
  17  0.007014
  17  0.007314
  17  0.007462
  17  0.007277
  17  0.008057
  17  0.006945
  17  0.007801
  17  0.006784
  17  0.007494
  17  0.007951
  17  0.006977
  17  0.008028
  17  0.007713
  17  0.006945
  17  0.008182
  17  0.007559
  17  0.007424
  17  0.007114
  17  0.006815
  17  0.006745
  17  0.007254
  17  0.007046
  17  0.007948
  17  0.029106
  17  0.006781
  17  0.007469
  17  0.007797
  17  0.007031
  17  0.011355
  17  0.006966
  17  0.006802
  17  0.007499
  17  0.007894
  17  0.007111
  17  0.007126
  17  0.007364
  17  0.006975
  17  0.006987
  17  0.012233
  17  0.007160
  17  0.008467
  17  0.008410
  17  0.006933
  17  0.006995
  17  0.007182
  17  0.007715
  17  0.008377
  17  0.007400
  17  0.006879
  17  0.007002
  17  0.007153
  17  0.016356
  17  0.007946
  17  0.008358
  17  0.006769
  17  0.006837
  17  0.007175
  17  0.007742
  17  0.006899
  17  0.007731
  17  0.008253
  17  0.007367
  17  0.010864
  17  0.008221
  17  0.008129
  17  0.007338
  17  0.006939
  17  0.008733
  17  0.007203
  17  0.008406
  17  0.029346
  17  0.007095
  17  0.007277
  17  0.007585
  17  0.008327
  17  0.007718
  17  0.007230
  17  0.007336
  17  0.006910
  17  0.007256
  17  0.008425
  17  0.006999
  17  0.006789
  17  0.006941
  17  0.007062
  17  0.008495
  17  0.007616
  17  0.007615
  17  0.007261
  17  0.007635
  17  0.007057
  17  0.006969
  17  0.007533
  17  0.010412
  17  0.006990
  17  0.007384
  17  0.010155
  17  0.006911
  17  0.007195
  17  0.007386
  17  0.007298
  17  0.007147
  17  0.007021
  17  0.007545
  17  0.007011
  17  0.007095
  17  0.007705
  17  0.006963
  17  0.007353
  17  0.007321
  17  0.008075
  17  0.007215
  17  0.030493
  17  0.013217
  17  0.006988
  17  0.007652
  17  0.007051
  17  0.007097
  17  0.007234
  17  0.006924
  17  0.006988
  17  0.007842
  17  0.007690
  17  0.006767
  17  0.007450
  17  0.007268
  17  0.009900
  17  0.007241
  17  0.007286
  17  0.007988
  17  0.007147
  17  0.007129
  17  0.006729
  17  0.007536
  17  0.007976
  17  0.007872
  17  0.007349
  17  0.007900
  17  0.009092
  17  0.007361
  17  0.007386
  17  0.009183
  17  0.007155
  17  0.007784
  17  0.009854
  17  0.013235
  17  0.008199
  17  0.030848
  17  0.012170
  17  0.008704
  17  0.007580
  17  0.007483
  17  0.007207
  17  0.011514
  17  0.010327
  17  0.007791
  17  0.008760
  17  0.007245
  17  0.010618
  17  0.008122
  17  0.007813
  17  0.010135
  17  0.007078
  17  0.008338
  17  0.010790
  17  0.009388
  17  0.025360
  17  0.009320
  17  0.007617
  17  0.007241
  17  0.013332
  17  0.008337
  17  0.008017
  17  0.008537
  17  0.009196
  17  0.009146
  17  0.007706
  17  0.009563
  17  0.030636
  17  0.011696
  17  0.009686
  17  0.008037
  17  0.008278
  17  0.009718
  17  0.007971
  17  0.007087
  17  0.009197
  17  0.008208
  17  0.007928
  17  0.007444
  17  0.012493
  17  0.008089
  17  0.008028
  17  0.014727
  17  0.008675
  17  0.010764
  17  0.013536
  17  0.008796
  17  0.007834
  17  0.007425
  17  0.011230
  17  0.009445
  17  0.009065
  17  0.007994
  17  0.010308
  17  0.009900
  17  0.008037
  17  0.007556
  17  0.007022
  17  0.007786
  17  0.011886
  17  0.008794
  17  0.007747
  17  0.008379
  17  0.008031
  17  0.007516
  17  0.010188
  17  0.008730
  17  0.006847
  17  0.008787
  17  0.007871
  17  0.006920
  17  0.010408
  17  0.012951
  17  0.010822
  17  0.032878
  17  0.008063
  17  0.007115
  17  0.009408
  17  0.010255
  17  0.010504
  17  0.007450
  17  0.008822
  17  0.007398
  17  0.007953
  17  0.007147
  17  0.009778
  17  0.007926
  17  0.009075
  17  0.011084
  17  0.017912
  17  0.010106
  17  0.008108
  17  0.010600
  17  0.020222
  17  0.007374
  17  0.010912
  17  0.008089
  17  0.007337
  17  0.015372
  17  0.009288
  17  0.011410
  17  0.012654
  17  0.009205
  17  0.010406
  17  0.009816
  17  0.008075
  17  0.010151
  17  0.007203
  17  0.009411
  17  0.015314
  17  0.007237
  17  0.010234
  17  0.007702
  17  0.007403
  17  0.009806
  17  0.009235
  17  0.034762
  17  0.008864
  17  0.009774
  17  0.008299
  17  0.008849
  17  0.008658
  17  0.009438
  17  0.012284
  17  0.011365
  17  0.010224
  17  0.008062
  17  0.009563
  17  0.017136
  17  0.007946
  17  0.009911
  17  0.008411
  17  0.008611
  17  0.009488
  17  0.006992
  17  0.008298
  17  0.007251
  17  0.008653
  17  0.008516
  17  0.008613
  17  0.008540
  17  0.018112
  17  0.010935
  17  0.007909
  17  0.010442
  17  0.009904
  17  0.021346
  17  0.007498
  17  0.017264
  17  0.011402
  17  0.013641
  17  0.029384
  17  0.021011
  17  0.008864
  17  0.008444
  17  0.010371
  17  0.007781
  17  0.008622
  17  0.019348
  17  0.007215
  17  0.008160
  17  0.010122
  17  0.015964
  17  0.008117
  17  0.010760
  17  0.007676
  17  0.007761
  17  0.008183
  17  0.017377
  17  0.007204
  17  0.010405
  17  0.008820
  17  0.010187
  17  0.021473
  17  0.009489
  17  0.012243
  17  0.018614
  17  0.008419
  17  0.011942
  17  0.015872
  17  0.012131
  17  0.008635
  17  0.035024
  17  0.008035
  17  0.007444
  17  0.018928
  17  0.009234
  17  0.008493
  17  0.008947
  17  0.007913
  17  0.015204
  17  0.033312
  17  0.036404
  17  0.009819
  17  0.007692
  17  0.010968
  17  0.007948
  17  0.007330
  17  0.009673
  17  0.009042
  17  0.010380
  17  0.009790
  17  0.011939
  17  0.058554
  17  0.008426
  17  0.010710
  17  0.008812
  17  0.010722
  17  0.024430
  17  0.010905
  17  0.011955
  17  0.007751
  17  0.010659
  17  0.008837
  17  0.013057
  17  0.010464
  17  0.020288
  17  0.011158
  17  0.008451
  17  0.008446
  17  0.008497
  17  0.008588
  17  0.007770
  17  0.008576
  17  0.015515
  17  0.020495
  17  0.008613
  17  0.014992
  17  0.007927
  17  0.035665
  17  0.009188
  17  0.007631
  17  0.008427
  17  0.008377
  17  0.007161
  17  0.008608
  17  0.014858
  17  0.007592
  17  0.009226
  17  0.007708
  17  0.012237
  17  0.019650
  17  0.008022
  17  0.016076
  17  0.007611
  17  0.012124
  17  0.012543
  17  0.016759
  17  0.014618
  17  0.007525
  17  0.015771
  17  0.012001
  17  0.007505
  17  0.010869
  17  0.008266
  17  0.007641
  17  0.009708
  17  0.012833
  17  0.007908
  17  0.008559
  17  0.026104
  17  0.011357
  17  0.008314
  17  0.015552
  17  0.008553
  17  0.008367
  17  0.015373
  17  0.007963
  17  0.008615
  17  0.014238
  17  0.016246
  17  0.033349
  17  0.008243
  17  0.035807
  17  0.008126
  17  0.009806
  17  0.008024
  17  0.011637
  17  0.008685
  17  0.016985
  17  0.009725
  17  0.011718
  17  0.008001
  17  0.016596
  17  0.014153
  17  0.016231
  17  0.011958
  17  0.014289
  17  0.015873
  17  0.013663
  17  0.008035
  17  0.017610
  17  0.026204
  17  0.012348
  17  0.021936
  17  0.012241
  17  0.022932
  17  0.011207
  17  0.010952
  17  0.008866
  17  0.008546
  17  0.020046
  17  0.008576
  17  0.007385
  17  0.008494
  17  0.014561
  17  0.030307
  17  0.008353
  17  0.011255
  17  0.016989
  17  0.019800
  17  0.019157
  17  0.007655
  17  0.008561
  17  0.007390
  17  0.019071
  17  0.011598
  17  0.012457
  17  0.013968
  17  0.007815
  17  0.010649
  17  0.013441
  17  0.008097
  17  0.020802
  17  0.007486
  17  0.007920
  17  0.007957
  17  0.007832
  17  0.007948
  17  0.015101
  17  0.007716
  17  0.007855
  17  0.016832
  17  0.022306
  17  0.011773
  17  0.009928
  17  0.010208
  17  0.037928
  17  0.019938
  17  0.010062
  17  0.009897
  17  0.008433
  17  0.013963
  17  0.011745
  17  0.013945
  17  0.009916
  17  0.010560
  17  0.013258
  17  0.017804
  17  0.012254
  17  0.027889
  17  0.030224
  17  0.012036
  17  0.011692
  17  0.010332
  17  0.011336
  17  0.013645
  17  0.012547
  17  0.013899
  17  0.010171
  17  0.008113
  17  0.013610
  17  0.009771
  17  0.014692
  17  0.006936
  17  0.042787
  17  0.011139
  17  0.008558
  17  0.009008
  17  0.008604
  17  0.032988
  17  0.010856
  17  0.008522
  17  0.012065
  17  0.007254
  17  0.008610
  17  0.007394
  17  0.012598
  17  0.010976
  17  0.007841
  17  0.007908
  17  0.010046
  17  0.011174
  17  0.009815
  17  0.045862
  17  0.009768
  17  0.008570
  17  0.010489
  17  0.048937
  17  0.014654
  17  0.017713
  17  0.008630
  17  0.009715
  17  0.008102
  17  0.015854
  17  0.013997
  17  0.007894
  17  0.025335
  17  0.012518
  17  0.016585
  17  0.013687
  17  0.018780
  17  0.011791
  17  0.007284
  17  0.012999
  17  0.014055
  17  0.015075
  17  0.092644
  17  0.015293
  17  0.008097
  17  0.018319
  17  0.008506
  17  0.013038
  17  0.013829
  17  0.014218
  17  0.007657
  17  0.008394
  17  0.011532
  17  0.010302
  17  0.010364
  17  0.009625
  17  0.008457
  17  0.029676
  17  0.290915
  17  0.015911
  17  0.020115
  17  0.030806
  17  0.012529
  17  0.009834
  17  0.027604
  17  0.008612
  17  0.014059
  17  0.031100
  17  0.013101
  17  0.007444
  17  0.013026
  17  0.007352
  17  0.014664
  17  0.012728
  17  0.025452
  17  0.017569
  17  0.007793
  17  0.012882
  17  0.012201
  17  0.023296
  17  0.012625
  17  0.009994
  17  0.010371
  17  0.008076
  17  0.007289
  17  0.015098
  17  0.011402
  17  0.010742
  17  0.010639
  17  0.015453
  17  0.011742
  17  0.012553
  17  0.010465
  17  0.007872
  17  0.015244
  17  0.007266
  17  0.114264
  17  0.007009
  17  0.039226
  17  0.017727
  17  0.009151
  17  0.009395
  17  0.042034
  17  0.010405
  17  0.009171
  17  0.007575
  17  0.007252
  17  0.008220
  17  0.008050
  17  0.045247
  17  0.058139
  17  0.007713
  17  0.013255
  17  0.013398
  17  0.048082
  17  0.029430
  17  0.059727
  17  0.017940
  17  0.025390
  17  0.057371
  17  0.090474
